<?xml version="1.0"?>
<opencv_storage>
<calibration_time>"Thu Aug 10 12:55:24 2017"</calibration_time>
<nframes>8</nframes>
<image_width>639</image_width>
<image_height>482</image_height>
<board_width>9</board_width>
<board_height>6</board_height>
<square_size>25.</square_size>
<flags>0</flags>
<camera_matrix type_id="opencv-matrix">
  <rows>3</rows>
  <cols>3</cols>
  <dt>d</dt>
  <data>
    4.9478319002116910e+02 0. 3.4677718785241973e+02 0.
    1.5479685858515797e+03 2.4302272717069454e+02 0. 0. 1.</data></camera_matrix>
<distortion_coefficients type_id="opencv-matrix">
  <rows>5</rows>
  <cols>1</cols>
  <dt>d</dt>
  <data>
    -5.1103087191120344e-01 -2.9718826866486654e+00
    1.6404538769629849e-02 -5.5087131005603198e-03
    2.1877509851430453e+01</data></distortion_coefficients>
<avg_reprojection_error>8.6376200575737305e-01</avg_reprojection_error>
<per_view_reprojection_errors type_id="opencv-matrix">
  <rows>8</rows>
  <cols>1</cols>
  <dt>f</dt>
  <data>
    1.03898668e+00 4.23985809e-01 1.82559872e+00 4.51372951e-01
    4.16722566e-01 4.06467348e-01 7.95835197e-01 4.47935224e-01</data></per_view_reprojection_errors>
<!-- a set of 6-tuples (rotation vector + translation vector) for each view -->
<extrinsic_parameters type_id="opencv-matrix">
  <rows>8</rows>
  <cols>6</cols>
  <dt>d</dt>
  <data>
    -5.6574224258371447e-03 1.9485734230331020e+00
    2.4483109201053517e+00 1.2373358783544860e+02 4.4445198459105754e+01
    5.1980330777290044e+02 -1.3671091175446672e+00
    1.8924996451736446e-02 2.9749337250631093e-02
    -9.1928118487484312e+01 9.3683781217354571e+00
    5.8642720809766274e+02 -1.3625251244560099e+00
    -7.0524710796110834e-02 -7.9973804064568416e-02
    -3.9785557329449404e+01 4.7950871000362145e+00
    6.0376835775242796e+02 -1.3674290524386847e+00
    -2.8571653538947601e-02 -2.5880138836272847e-02
    -7.6055477270386049e+01 1.0061938152007796e+01
    5.7862669477993825e+02 -1.3655169563731802e+00
    -2.7190514742072423e-02 -2.7544000925284234e-02
    -1.2340818776906697e+02 9.2126688040078584e+00
    5.8397833321360156e+02 -1.3646131619973150e+00
    8.2888082256597412e-02 1.0540270364831292e-01
    -8.8304495847389248e+01 4.7675481355536213e+00
    6.0775773073239884e+02 -1.3618579547866041e+00
    -9.4187577619690988e-02 -1.0811835033539273e-01
    -1.4970626084684631e+02 7.4990231165723129e+00
    5.9346848202206786e+02 -1.3639862440387069e+00
    9.7797496314945082e-02 1.2539449253342802e-01
    -6.0494477627384896e+01 5.5394758822734484e+00
    6.0228483982851651e+02</data></extrinsic_parameters>
<image_points type_id="opencv-matrix">
  <rows>8</rows>
  <cols>54</cols>
  <dt>"2f"</dt>
  <data>
    4.59413086e+02 3.70231018e+02 4.37697754e+02 3.73304596e+02
    4.15497162e+02 3.74787262e+02 3.92067993e+02 3.77433350e+02
    3.69237793e+02 3.77765594e+02 3.45424561e+02 3.78726776e+02
    3.22343384e+02 3.78760925e+02 2.99001068e+02 3.78172058e+02
    2.77014709e+02 3.77040649e+02 4.55209961e+02 3.50765991e+02
    4.34052704e+02 3.51978577e+02 4.12532440e+02 3.55132904e+02
    3.89936310e+02 3.55904785e+02 3.67647644e+02 3.57067352e+02
    3.45050781e+02 3.57384979e+02 3.22649689e+02 3.57677246e+02
    3.00308197e+02 3.57262390e+02 2.78693481e+02 3.56523865e+02
    4.51326111e+02 3.32045166e+02 4.30703857e+02 3.32714325e+02
    4.09596588e+02 3.34752380e+02 3.88277008e+02 3.36391998e+02
    3.66607269e+02 3.37110504e+02 3.44707733e+02 3.37615906e+02
    3.23130859e+02 3.37871704e+02 3.01610626e+02 3.37819122e+02
    2.80464661e+02 3.37250824e+02 4.47237946e+02 3.13271576e+02
    4.27445282e+02 3.15452240e+02 4.07290436e+02 3.16480072e+02
    3.86442139e+02 3.17746796e+02 3.65566284e+02 3.18266663e+02
    3.44420258e+02 3.18862335e+02 3.23501709e+02 3.19256592e+02
    3.02949524e+02 3.19115753e+02 2.82558105e+02 3.18613586e+02
    4.43384247e+02 2.96796143e+02 4.24418915e+02 2.97964905e+02
    4.04589386e+02 2.99416107e+02 3.84715363e+02 3.00029388e+02
    3.64434692e+02 3.00682037e+02 3.44411804e+02 3.01423523e+02
    3.24089355e+02 3.01640442e+02 3.04122040e+02 3.01725281e+02
    2.84440155e+02 3.01480408e+02 4.39936981e+02 2.81110443e+02
    4.21121704e+02 2.82038391e+02 4.02535034e+02 2.83145233e+02
    3.82820282e+02 2.83786652e+02 3.63680847e+02 2.84494659e+02
    3.44076050e+02 2.85062561e+02 3.24771301e+02 2.85418549e+02
    3.05304871e+02 2.85446686e+02 2.86669189e+02 2.85478363e+02
    2.70359436e+02 2.68091644e+02 2.90628357e+02 2.68146271e+02
    3.11335938e+02 2.68790009e+02 3.32522919e+02 2.69625366e+02
    3.53919739e+02 2.70063110e+02 3.74313721e+02 2.72167969e+02
    3.95627075e+02 2.72506683e+02 4.16271729e+02 2.73182953e+02
    4.36367126e+02 2.73695343e+02 2.66367188e+02 2.82762329e+02
    2.87463165e+02 2.83624359e+02 3.09006958e+02 2.84366211e+02
    3.31210968e+02 2.84931976e+02 3.53489410e+02 2.85395874e+02
    3.75100861e+02 2.86926758e+02 3.97002960e+02 2.87799866e+02
    4.18782959e+02 2.88387604e+02 4.39629120e+02 2.88483124e+02
    2.61826294e+02 2.98864166e+02 2.83924713e+02 3.00347137e+02
    3.06404419e+02 3.01055267e+02 3.29676361e+02 3.01802765e+02
    3.52991974e+02 3.01457367e+02 3.75673401e+02 3.03364471e+02
    3.98862946e+02 3.04227905e+02 4.21387360e+02 3.04748413e+02
    4.43165253e+02 3.04892151e+02 2.57163025e+02 3.16670929e+02
    2.80188019e+02 3.18156952e+02 3.03693695e+02 3.19261749e+02
    3.28068481e+02 3.20114410e+02 3.52642059e+02 3.20176910e+02
    3.76172607e+02 3.21547455e+02 4.00527130e+02 3.22252777e+02
    4.24112366e+02 3.22943024e+02 4.46933990e+02 3.23025543e+02
    2.52113785e+02 3.36288483e+02 2.76187225e+02 3.37853882e+02
    3.00724640e+02 3.38847565e+02 3.26234070e+02 3.39661713e+02
    3.52113007e+02 3.39965576e+02 3.76755066e+02 3.41205780e+02
    4.02318939e+02 3.42287140e+02 4.27118286e+02 3.42699219e+02
    4.50806580e+02 3.42576233e+02 2.46748581e+02 3.56777069e+02
    2.71831573e+02 3.59102966e+02 2.97505615e+02 3.60653229e+02
    3.24337524e+02 3.61365814e+02 3.51474548e+02 3.61889771e+02
    3.77321838e+02 3.63360596e+02 4.04053650e+02 3.64335205e+02
    4.30190552e+02 3.64516846e+02 4.54827423e+02 3.64114899e+02
    3.14902008e+02 2.55171616e+02 3.34995392e+02 2.54038528e+02
    3.55172058e+02 2.52950378e+02 3.75163574e+02 2.52180466e+02
    3.95077484e+02 2.50498215e+02 4.11581512e+02 2.48030685e+02
    4.32593750e+02 2.50969208e+02 4.53494385e+02 2.56657715e+02
    4.67376984e+02 2.49001846e+02 3.15256165e+02 2.69570465e+02
    3.36550293e+02 2.68439087e+02 3.57455902e+02 2.67345886e+02
    3.78487976e+02 2.66188812e+02 3.98843506e+02 2.64579681e+02
    4.18434326e+02 2.64921417e+02 4.35060333e+02 2.57658264e+02
    4.56178802e+02 2.62820862e+02 4.70438080e+02 2.55259796e+02
    3.15779053e+02 2.84902100e+02 3.37934235e+02 2.83959442e+02
    3.59978027e+02 2.82776520e+02 3.81924164e+02 2.81272644e+02
    4.03375153e+02 2.78950073e+02 4.23500214e+02 2.79022003e+02
    4.43413971e+02 2.77770203e+02 4.62739716e+02 2.76856171e+02
    4.80630585e+02 2.75454010e+02 3.16346558e+02 3.01814819e+02
    3.39712799e+02 3.00798523e+02 3.62649139e+02 2.99448608e+02
    3.85749786e+02 2.97600220e+02 4.08144012e+02 2.95415649e+02
    4.28908081e+02 2.94792053e+02 4.49769409e+02 2.93105652e+02
    4.69518463e+02 2.92106659e+02 4.88146606e+02 2.90535431e+02
    3.17158844e+02 3.20687683e+02 3.41529999e+02 3.19229492e+02
    3.65639282e+02 3.17471436e+02 3.89817657e+02 3.15300537e+02
    4.13210419e+02 3.12852631e+02 4.34893585e+02 3.11664825e+02
    4.56310425e+02 3.10132324e+02 4.76787170e+02 3.08530121e+02
    4.95718781e+02 3.06403351e+02 3.17885590e+02 3.40445465e+02
    3.43564423e+02 3.39350464e+02 3.68896118e+02 3.37381317e+02
    3.94197235e+02 3.34747101e+02 4.18714081e+02 3.31967316e+02
    4.40886414e+02 3.30728149e+02 4.63268188e+02 3.28763458e+02
    4.84351563e+02 3.26470398e+02 5.03927338e+02 3.24103790e+02
    2.82486725e+02 2.70059937e+02 3.03288849e+02 2.69406677e+02
    3.24598145e+02 2.69284058e+02 3.45931549e+02 2.69102356e+02
