%YAML:1.0
calibration_time: "Tue Jul 25 23:37:50 2017"
nframes: 8
image_width: 640
image_height: 480
board_width: 6
board_height: 9
square_size: 22.
flags: 0
camera_matrix: !!opencv-matrix
   rows: 3
   cols: 3
   dt: d
   data: [ 4.9694274240042949e+02, 0., 3.2238402215081032e+02, 0.,
       4.9765942260522189e+02, 2.4354433156133848e+02, 0., 0., 1. ]
distortion_coefficients: !!opencv-matrix
   rows: 5
   cols: 1
   dt: d
   data: [ 3.3961329655784350e-01, -2.3100365332624686e+00,
       2.6322423330198894e-03, 1.4818589148032171e-03,
       4.9757452345403683e+00 ]
avg_reprojection_error: 1.1136479374454640e-01
per_view_reprojection_errors: !!opencv-matrix
   rows: 8
   cols: 1
   dt: f
   data: [ 1.08197525e-01, 1.41649544e-01, 9.70983505e-02,
       1.25990182e-01, 1.10749453e-01, 9.55676660e-02, 1.01587690e-01,
       1.02104582e-01 ]
# a set of 6-tuples (rotation vector + translation vector) for each view
extrinsic_parameters: !!opencv-matrix
   rows: 8
   cols: 6
   dt: d
   data: [ 4.7951871790070510e-01, 4.6508304909784537e-01,
       -1.5006509445894523e+00, -9.3304894187125868e+01,
       1.8390131966738927e+01, 3.7203019304220999e+02,
       -2.6788038048211754e-01, -3.0870010737597403e-01,
       -1.5302212836889699e+00, -1.0057848591648114e+02,
       9.3479709994849955e+01, 2.8554098253238914e+02,
       7.7345321364403274e-01, -2.6643401926778681e-01,
       -1.3408222585041676e+00, -1.3736402888905411e+02,
       3.8721509071267612e+01, 3.4063441814457099e+02,
       -4.0301765707063253e-01, 5.0799864038964193e-01,
       -1.5276897248831762e+00, -2.6853634690260282e+01,
       7.0072061949374088e+01, 4.0767213272410601e+02,
       -3.5212185122929052e-01, 4.4171481210781338e-01,
       -1.3239161255778367e+00, -7.4728730990402084e+01,
       8.2616882896686306e+01, 4.7811885237156883e+02,
       -2.5896660533701282e-01, 5.7128468356296602e-01,
       -1.9580426282764785e+00, -4.2029176959099360e+01,
       9.2333213601593613e+01, 4.7674403256042325e+02,
       3.1627510656277441e-01, -6.6019985176130211e-02,
       -1.2551197904561608e+00, -8.6846836024683540e+01,
       1.4585156050092412e+01, 3.1733683270282921e+02,
       4.1286288837897872e-01, -1.1913446625116597e-02,
       -1.8735524536391706e+00, -1.3181666100112977e+01,
       1.1687526546156148e+02, 4.2073553710362194e+02 ]
image_points: !!opencv-matrix
   rows: 8
   cols: 54
   dt: "2f"
   data: [ 1.96167770e+02, 2.68589874e+02, 1.92471741e+02,
       2.44255157e+02, 1.88306671e+02, 2.17876404e+02, 1.83858841e+02,
       1.89496780e+02, 1.79123276e+02, 1.59126358e+02, 1.74098541e+02,
       1.26291672e+02, 2.26347412e+02, 2.68758545e+02, 2.23534317e+02,
       2.44507614e+02, 2.20605347e+02, 2.18381363e+02, 2.17319733e+02,
       1.90141769e+02, 2.13691864e+02, 1.59571243e+02, 2.09843826e+02,
       1.26736221e+02, 2.56240601e+02, 2.69102478e+02, 2.54636154e+02,
       2.44765259e+02, 2.52714798e+02, 2.18787857e+02, 2.50691711e+02,
       1.90651001e+02, 2.48376923e+02, 1.60400818e+02, 2.45861191e+02,
       1.27460716e+02, 2.85955231e+02, 2.69362091e+02, 2.85366486e+02,
       2.45310745e+02, 2.84634491e+02, 2.19375092e+02, 2.83697906e+02,
       1.91427231e+02, 2.82793579e+02, 1.61140671e+02, 2.81688385e+02,
       1.28294434e+02, 3.15334045e+02, 2.69597076e+02, 3.15663788e+02,
       2.45583878e+02, 3.16079651e+02, 2.19746307e+02, 3.16510651e+02,
       1.91924545e+02, 3.16822418e+02, 1.61696869e+02, 3.17409607e+02,
       1.28926514e+02, 3.44557434e+02, 2.70177277e+02, 3.45739563e+02,
       2.46148285e+02, 3.47374878e+02, 2.20349518e+02, 3.48922913e+02,
       1.92432159e+02, 3.50752350e+02, 1.62320984e+02, 3.52710724e+02,
       1.29484283e+02, 3.73996704e+02, 2.70569122e+02, 3.76467529e+02,
       2.46556992e+02, 3.78945831e+02, 2.20643341e+02, 3.81865295e+02,
       1.92762726e+02, 3.85080353e+02, 1.62591110e+02, 3.88552948e+02,
       1.29881912e+02, 4.03661041e+02, 2.71328735e+02, 4.07024200e+02,
       2.47157669e+02, 4.10736633e+02, 2.21275192e+02, 4.14832123e+02,
       1.93240570e+02, 4.19406799e+02, 1.62997452e+02, 4.24146118e+02,
       1.30397415e+02, 4.33481781e+02, 2.71736084e+02, 4.37957520e+02,
       2.47616928e+02, 4.42702606e+02, 2.21582596e+02, 4.48100830e+02,
       1.93575089e+02, 4.53684601e+02, 1.63446671e+02, 4.59707886e+02,
       1.30934296e+02, 1.44563004e+02, 4.09412476e+02, 1.49965836e+02,
       3.69518951e+02, 1.55248138e+02, 3.31639709e+02, 1.60153625e+02,
       2.95621948e+02, 1.64770081e+02, 2.61613861e+02, 1.69203674e+02,
       2.29383514e+02, 1.83549149e+02, 4.10138824e+02, 1.87983749e+02,
       3.70358948e+02, 1.92243225e+02, 3.32419037e+02, 1.96344925e+02,
       2.96521271e+02, 2.00114456e+02, 2.62482666e+02, 2.03682434e+02,
       2.30412384e+02, 2.22609482e+02, 4.10846100e+02, 2.25983627e+02,
       3.70967346e+02, 2.29320633e+02, 3.33183899e+02, 2.32480118e+02,
       2.97224548e+02, 2.35497925e+02, 2.63393555e+02, 2.38187744e+02,
       2.31353973e+02, 2.61579681e+02, 4.11520905e+02, 2.63907867e+02,
       3.71658112e+02, 2.66270721e+02, 3.33669464e+02, 2.68481354e+02,
       2.97762756e+02, 2.70493347e+02, 2.64117432e+02, 2.72398987e+02,
       2.32360580e+02, 3.00326782e+02, 4.12247986e+02, 3.01512665e+02,
       3.72373596e+02, 3.02680420e+02, 3.34386963e+02, 3.03808441e+02,
       2.98490479e+02, 3.04860596e+02, 2.64850433e+02, 3.05818726e+02,
       2.33149658e+02, 3.38736206e+02, 4.12955688e+02, 3.38811432e+02,
       3.73147247e+02, 3.38881500e+02, 3.35134735e+02, 3.38960419e+02,
       2.99325378e+02, 3.39098663e+02, 2.65646057e+02, 3.39062256e+02,
       2.34188965e+02, 3.77478271e+02, 4.13724976e+02, 3.76502411e+02,
       3.73921753e+02, 3.75490417e+02, 3.36115814e+02, 3.74453278e+02,
       3.00274261e+02, 3.73486481e+02, 2.66553467e+02, 3.72791443e+02,
       2.34905243e+02, 4.15911835e+02, 4.14537811e+02, 4.13819824e+02,
       3.74808533e+02, 4.11822937e+02, 3.37086578e+02, 4.09860321e+02,
       3.01290070e+02, 4.08020447e+02, 2.67517029e+02, 4.06442261e+02,
       2.35509048e+02, 4.54363220e+02, 4.15375427e+02, 4.51312103e+02,
       3.75676331e+02, 4.48362427e+02, 3.37978638e+02, 4.45499268e+02,
       3.02235809e+02, 4.42839508e+02, 2.68385101e+02, 4.40417786e+02,
       2.36415894e+02, 1.19143364e+02, 3.01312469e+02, 1.23796249e+02,
       2.71237335e+02, 1.28732849e+02, 2.39987091e+02, 1.33830872e+02,
       2.07636429e+02, 1.39174973e+02, 1.74390213e+02, 1.44594345e+02,
       1.40041672e+02, 1.51135681e+02, 2.99753265e+02, 1.56157776e+02,
       2.70883392e+02, 1.61400558e+02, 2.40956467e+02, 1.66743729e+02,
       2.10055679e+02, 1.72373322e+02, 1.78214294e+02, 1.78073303e+02,
       1.45387283e+02, 1.80798706e+02, 2.98447266e+02, 1.86261246e+02,
       2.70602661e+02, 1.91694260e+02, 2.41845749e+02, 1.97400726e+02,
       2.12310745e+02, 2.03182556e+02, 1.81753525e+02, 2.08998505e+02,
       1.50364090e+02, 2.08577896e+02, 2.97200378e+02, 2.14209778e+02,
       2.70404572e+02, 2.19928482e+02, 2.42694595e+02, 2.25748779e+02,
       2.14398224e+02, 2.31642120e+02, 1.85253189e+02, 2.37697235e+02,
       1.55098190e+02, 2.34319153e+02, 2.95839447e+02, 2.40060974e+02,
       2.70117889e+02, 2.45900238e+02, 2.43585175e+02, 2.51857330e+02,
       2.16378754e+02, 2.57950195e+02, 1.88430084e+02, 2.64081085e+02,
       1.59509262e+02, 2.58161743e+02, 2.94666901e+02, 2.63925568e+02,
       2.69792206e+02, 2.69880859e+02, 2.44368835e+02, 2.75889465e+02,
       2.18266220e+02, 2.82110535e+02, 1.91344864e+02, 2.88424591e+02,
       1.63563919e+02, 2.80424744e+02, 2.93590393e+02, 2.86367401e+02,
       2.69621185e+02, 2.92278015e+02, 2.45139328e+02, 2.98441467e+02,
       2.19915558e+02, 3.04609467e+02, 1.94034332e+02, 3.11062225e+02,
       1.67347092e+02, 3.01194397e+02, 2.92684509e+02, 3.06917786e+02,
       2.69517456e+02, 3.13036926e+02, 2.45736160e+02, 3.19205017e+02,
       2.21439590e+02, 3.25473297e+02, 1.96518112e+02, 3.32052124e+02,
